1000
V 7 1 2 3 4 5 6 7 
H 7 8 9 10 11 12 13 14 
V 8 15 16 12 17 18 19 20 21 
H 10 22 23 5 24 25 26 27 28 29 30 
H 12 31 32 33 34 35 36 37 38 10 39 40 41 
H 12 42 43 44 45 46 47 48 49 50 51 52 53 
V 10 54 55 56 57 58 59 60 61 62 63 
H 8 64 65 32 66 67 68 69 70 
V 14 71 72 73 68 74 75 76 77 78 79 80 81 82 83 
H 11 84 85 86 87 88 89 90 91 92 93 94 
V 13 95 96 97 98 99 100 101 102 103 104 105 106 107 
H 12 108 109 110 111 112 113 114 115 116 34 117 118 
V 11 119 120 121 122 123 124 125 126 15 127 128 
H 13 129 130 131 132 133 134 135 115 136 137 138 139 140 
H 5 103 141 142 143 133 
V 14 144 145 146 147 148 149 150 18 151 152 153 154 155 156 
H 5 157 158 159 5 160 
H 5 161 28 162 32 163 
V 10 164 165 166 167 168 51 169 170 171 172 
H 13 68 18 173 174 175 176 34 177 178 179 180 181 182 
V 14 122 183 184 185 186 187 188 189 190 191 192 193 194 195 
H 11 196 197 198 51 199 200 201 202 203 76 204 
H 14 94 205 206 207 208 209 210 211 212 213 214 87 215 115 
H 12 216 217 218 219 220 138 221 174 222 223 224 206 
H 8 225 226 227 228 121 229 165 230 
H 10 231 232 233 234 235 236 56 237 238 239 
V 13 240 241 242 243 244 177 245 239 246 23 247 248 249 
V 14 250 98 251 252 253 72 254 255 256 168 257 258 259 260 
H 14 53 10 261 77 217 11 262 263 264 265 266 267 268 107 
H 8 269 270 271 272 273 274 275 276 
V 11 277 278 279 276 280 173 281 282 283 284 285 
V 13 286 287 288 134 289 290 291 174 292 192 293 294 295 
V 11 296 63 98 255 297 298 299 300 301 302 303 
H 5 304 305 306 307 198 
H 12 308 240 190 309 29 310 126 311 43 242 159 312 
H 11 313 52 36 314 315 316 317 189 318 319 320 
V 9 26 283 321 125 322 323 324 325 160 
V 7 136 326 327 328 329 172 330 
H 13 331 145 332 333 334 335 336 337 338 198 339 340 111 
H 9 341 273 342 343 177 344 345 346 190 
V 11 347 211 256 199 56 348 309 349 350 351 352 
H 10 353 354 355 356 269 357 358 242 359 360 
H 5 361 362 363 364 365 
H 5 143 366 367 18 368 
V 13 369 7 297 370 371 372 373 374 375 376 23 377 165 
H 7 103 378 379 108 251 380 381 
V 8 382 383 384 357 385 221 386 387 
V 9 26 388 389 390 212 391 211 392 83 
H 11 393 333 394 395 168 218 18 396 397 398 399 
V 12 400 287 392 401 402 323 207 403 242 404 405 406 
H 13 407 191 408 409 410 411 412 413 414 36 275 415 416 
V 14 213 417 104 367 418 1 39 255 419 126 420 345 372 265 
V 12 421 340 422 52 423 100 424 310 425 84 389 40 
V 5 426 427 428 429 51 
V 5 430 158 431 331 223 
V 8 392 432 433 434 397 254 435 436 
H 4 209 181 437 438 
V 7 332 439 258 83 440 441 442 
V 7 443 444 445 446 447 448 449 
V 8 381 450 451 137 452 61 141 368 
H 9 453 94 454 455 456 173 371 85 457 
V 9 458 459 179 460 414 461 278 462 381 
H 8 1 5 463 464 82 465 466 34 
H 8 467 468 469 240 470 471 374 287 
V 6 472 473 76 474 475 406 
V 9 476 108 477 474 29 478 107 122 479 
V 7 311 213 234 173 211 480 481 
V 13 32 192 167 282 472 482 287 144 12 264 483 484 485 
V 6 486 487 488 367 489 63 
V 6 490 491 111 323 492 199 
H 11 43 113 331 167 493 494 405 400 495 427 316 
V 8 73 384 15 496 345 497 498 499 
V 12 500 149 501 502 503 504 358 182 505 506 258 507 
H 9 80 508 509 160 280 377 510 48 511 
H 6 141 512 513 514 515 516 
H 7 517 36 518 519 520 94 126 
V 9 32 191 521 209 522 496 523 136 524 
H 7 56 336 356 525 83 526 406 
H 14 527 528 474 529 370 515 144 530 531 532 533 35 534 535 
V 5 536 537 538 539 161 
V 11 540 541 542 122 543 50 69 428 544 545 546 
H 12 100 547 255 161 548 381 258 549 550 273 551 14 
V 7 552 333 553 278 554 195 92 
H 14 555 556 557 558 212 122 559 560 379 561 414 562 13 247 
V 5 384 563 228 564 320 
V 7 488 228 565 566 567 35 568 
V 6 465 569 570 571 272 515 
H 13 30 572 463 573 240 515 574 575 476 576 494 181 577 
V 14 357 125 12 29 578 579 580 502 538 218 581 434 582 583 
H 12 94 334 584 230 585 545 586 587 588 23 589 270 
H 12 590 104 575 29 273 247 591 228 564 10 592 593 
V 14 259 594 572 309 595 430 36 596 514 199 211 134 345 597 
H 12 545 192 286 598 599 600 228 310 496 601 136 602 
V 11 231 547 413 312 191 280 603 444 604 605 606 
V 14 88 607 417 608 286 609 610 611 612 584 613 497 614 615 
V 9 616 287 224 23 10 429 617 107 333 
V 9 618 512 145 619 166 323 620 621 622 
V 5 213 623 53 77 314 
H 11 154 329 221 383 400 624 625 438 626 359 627 
V 12 221 284 628 165 121 231 629 32 630 280 631 553 
H 8 513 515 632 400 422 526 79 230 
V 13 198 371 633 459 265 521 634 635 636 637 111 638 639 
V 9 438 87 640 123 314 641 642 643 502 
H 12 471 636 644 645 383 646 647 648 275 649 351 650 
V 5 651 616 652 7 364 
V 13 50 523 653 381 398 43 376 139 654 372 655 428 83 
H 11 656 657 68 411 593 158 359 658 143 659 660 
H 6 661 662 663 429 605 132 
V 14 11 664 665 602 6 666 224 173 667 296 222 668 471 669 
H 14 670 254 389 442 410 512 671 217 672 321 673 230 674 376 
H 6 675 18 676 677 678 679 
H 10 195 680 149 616 576 122 117 239 598 681 
H 6 682 149 223 141 78 683 
H 14 137 684 228 685 686 171 687 688 71 240 689 690 429 691 
V 14 692 18 693 297 336 62 694 289 158 695 696 697 420 173 
V 11 698 27 699 141 160 250 700 552 701 269 702 
V 8 262 136 168 35 703 121 704 705 
V 6 706 521 494 707 69 103 
V 14 84 459 275 92 3 30 708 120 709 54 653 710 177 507 
V 7 232 51 15 711 69 712 713 
H 10 577 77 714 416 483 562 715 716 266 287 
H 7 717 303 718 52 719 601 100 
H 4 249 720 721 368 
V 9 364 722 349 714 207 723 724 725 390 
V 10 726 576 727 728 581 75 56 729 730 731 
H 14 229 114 732 502 32 98 230 524 733 461 734 735 258 239 
V 9 121 736 94 737 679 438 182 488 82 
H 14 299 738 330 191 1 739 575 493 740 193 32 741 259 77 
V 8 392 742 80 23 381 602 558 743 
V 11 744 211 576 86 67 745 746 280 723 636 747 
V 12 198 748 749 223 750 751 752 117 753 754 755 664 
V 7 7 756 122 757 758 336 126 
H 6 759 760 183 47 682 69 
V 12 51 761 47 199 762 468 150 763 524 363 764 549 
V 11 545 765 418 521 691 766 767 387 768 494 398 
H 5 341 769 770 160 771 
H 7 772 367 23 162 100 221 773 
V 12 145 354 385 483 658 774 249 283 561 282 775 453 
V 12 133 122 298 776 777 26 742 524 162 502 716 80 
H 12 476 778 729 223 175 689 117 675 779 389 780 781 
H 8 82 635 383 782 221 117 240 783 
H 5 262 275 145 249 784 
H 9 566 785 517 786 417 787 788 789 790 
V 8 545 791 326 397 617 141 404 792 
V 11 793 31 794 795 406 796 797 461 738 8 430 
H 13 333 798 597 7 799 117 56 800 136 66 17 523 265 
V 10 691 385 40 649 801 108 511 159 237 121 
V 11 149 802 165 278 665 595 803 218 26 223 114 
H 12 804 805 601 471 43 236 806 212 807 808 255 62 
H 13 809 189 810 452 507 461 811 812 813 814 198 342 411 
V 13 815 816 817 240 303 321 749 818 207 581 69 494 405 
V 10 560 819 287 98 114 820 821 145 387 730 
V 5 134 359 71 513 822 
V 13 372 522 312 671 823 653 465 93 374 192 545 824 514 
H 14 825 826 549 224 537 247 504 827 512 798 113 316 237 828 
V 13 810 622 577 700 374 413 264 488 511 415 333 829 476 
V 11 830 275 831 530 832 77 833 98 413 404 834 
V 11 835 368 688 836 837 100 199 838 149 107 839 
V 7 840 384 841 605 842 30 843 
H 10 52 275 329 844 845 121 345 148 222 76 
V 9 846 706 397 303 398 628 847 848 849 
V 7 435 846 499 222 70 522 850 
V 14 613 258 851 852 853 372 493 168 145 212 547 530 854 122 
V 9 107 855 856 521 727 92 827 226 635 
H 6 71 857 858 372 30 396 
V 10 399 123 134 303 768 96 416 859 459 860 
H 12 65 861 264 862 863 708 367 499 864 865 434 73 
H 11 812 866 867 33 868 84 869 870 34 871 872 
V 9 873 18 874 108 303 755 756 260 23 
V 14 875 269 211 876 877 878 870 56 251 221 378 348 779 367 
H 6 314 98 758 879 355 723 
V 9 18 493 385 468 880 211 518 393 50 
V 9 275 881 204 428 882 552 883 686 791 
V 10 598 884 885 820 661 367 413 886 887 50 
H 7 601 102 595 888 77 67 889 
V 6 890 66 502 190 429 312 
H 6 542 263 891 69 372 265 
H 8 892 893 597 78 894 459 176 895 
H 9 504 79 88 896 846 790 287 161 897 
H 14 56 471 387 898 499 687 899 900 399 901 22 545 331 134 
V 5 65 902 903 904 250 
H 13 322 810 409 649 262 905 367 213 906 907 908 211 746 
V 11 909 333 910 371 552 176 80 22 791 671 314 
V 14 212 911 149 912 92 191 332 705 913 914 876 915 330 916 
H 7 917 88 111 556 226 918 281 
V 6 919 111 336 418 920 921 
H 7 636 922 64 923 924 688 733 
H 13 822 126 676 165 109 88 925 249 806 194 617 926 927 
V 11 928 24 12 312 118 222 929 418 930 427 702 
H 10 592 181 405 161 11 468 413 729 75 931 
V 5 932 933 36 584 685 
V 6 888 471 502 934 598 935 
H 5 11 504 936 937 43 
H 8 413 938 552 258 845 154 488 541 
H 5 563 387 213 471 939 
V 13 414 940 941 10 219 191 435 499 56 942 943 605 944 
H 14 945 461 421 374 729 946 96 400 138 820 947 909 71 515 
H 14 948 173 552 949 950 650 741 311 376 951 556 497 454 273 
V 9 50 472 675 952 729 540 259 320 132 
V 10 334 258 502 953 954 955 636 687 5 885 
V 13 323 597 956 222 80 957 329 958 959 584 251 452 960 
H 13 961 360 601 962 195 100 664 963 964 965 966 152 405 
H 11 297 405 967 411 417 671 968 969 311 749 238 
H 9 348 970 971 114 335 69 51 727 198 
V 14 529 370 972 63 342 107 973 974 414 117 542 471 368 36 
H 6 645 954 552 406 522 496 
V 7 122 806 975 134 976 103 278 
V 5 266 891 27 839 661 
H 11 339 977 978 335 162 160 870 979 980 269 326 
H 7 471 72 34 981 378 189 433 
H 5 919 415 642 982 983 
H 13 573 357 810 984 576 985 167 986 111 334 987 876 171 
H 8 661 988 595 989 990 991 992 545 
H 8 993 994 397 5 83 650 995 532 
V 7 96 785 912 526 541 396 655 
V 7 601 378 996 773 7 93 981 
H 13 149 706 348 702 846 92 997 998 699 452 108 416 224 
H 14 165 549 94 32 999 1000 4 211 1001 575 26 1002 556 1003 
V 8 139 53 331 1004 168 317 1005 577 
H 14 1006 497 712 479 883 601 983 434 324 315 252 998 259 1007 
H 5 232 303 1008 808 359 
V 5 395 1009 547 87 154 
H 8 1010 1011 217 5 907 558 695 883 
V 8 1012 1013 1014 476 250 365 515 1015 
V 7 560 494 497 585 7 303 515 
H 9 577 545 543 399 524 209 551 415 35 
V 9 372 428 686 399 595 280 1016 656 1017 
V 10 546 68 297 820 1018 268 1019 1020 15 381 
H 12 181 461 65 1021 1022 368 111 1023 433 15 494 1024 
H 9 73 1025 714 376 1026 26 545 103 813 
H 6 844 511 768 1027 122 729 
V 12 511 1028 547 593 79 557 1029 522 1030 553 269 566 
H 9 646 310 1031 1032 430 1033 813 347 574 
H 9 1034 371 236 1035 768 1036 262 573 1037 
V 9 472 61 416 381 1038 1039 983 372 810 
H 6 328 251 44 577 428 144 
V 12 177 150 1040 414 438 1041 1042 312 643 49 148 909 
V 6 94 1043 213 738 192 1044 
V 9 150 1045 595 232 502 134 1046 262 532 
H 7 518 239 358 671 371 177 93 
H 8 149 889 123 906 278 744 1047 1048 
H 14 207 326 415 420 1049 927 427 461 53 1050 1051 61 311 317 
V 14 649 839 1052 132 78 1053 516 38 128 121 687 688 1054 1055 
V 13 273 1020 1056 1057 272 86 255 314 150 663 231 380 167 
V 10 144 1058 339 1059 598 32 716 1060 255 573 
H 10 1061 1062 1063 642 1064 1065 601 236 415 1066 
V 7 87 1067 552 433 1068 316 1069 
H 13 1070 1071 1067 50 597 909 421 774 394 265 575 310 121 
V 7 168 368 43 405 968 158 699 
V 14 44 370 1072 83 702 143 1073 556 1074 553 247 1075 530 386 
V 9 1076 982 1077 1078 286 787 160 1079 136 
H 10 269 645 548 376 414 1080 248 217 15 115 
V 10 537 1081 518 1082 238 1083 430 154 121 297 
V 5 1084 740 712 367 691 
H 13 1085 26 357 1086 820 326 540 1087 468 138 530 908 409 
H 9 50 1088 236 479 187 575 684 27 265 
V 13 250 1089 376 462 1090 1091 167 1092 1080 1093 256 73 656 
V 7 685 213 1019 1094 177 413 264 
H 6 1095 867 919 576 605 1096 
V 11 474 1097 173 1080 336 114 1098 1099 1029 396 136 
H 14 1100 1101 483 136 227 434 385 496 226 33 1102 7 919 414 
H 9 334 237 248 146 250 1103 560 523 150 
V 14 240 93 421 474 452 584 1104 708 471 810 1105 414 236 333 
V 14 1067 310 1106 643 348 274 1107 1108 125 483 1109 176 26 1110 
V 6 768 447 134 1111 1112 289 
H 11 1113 400 286 429 29 33 819 657 316 1114 265 
V 9 415 862 637 311 1115 900 602 94 879 
H 9 743 806 351 622 561 340 213 50 96 
H 5 389 723 12 553 123 
V 7 282 512 372 143 334 1116 1117 
V 12 1118 1119 252 265 345 1080 282 1120 33 1121 602 78 
V 8 1122 1123 222 429 1110 461 1080 33 
H 10 280 104 242 880 76 521 476 438 671 641 
V 10 1057 597 1124 417 93 1125 193 30 472 52 
H 8 1126 592 705 323 1127 1 1078 727 
H 13 476 1128 43 189 376 430 1129 321 240 331 247 266 357 
H 5 1130 364 636 47 1112 
H 13 231 418 1131 530 540 488 457 1132 639 981 150 1133 1134 
H 9 704 1007 259 1135 1136 1137 742 75 440 
H 9 17 56 138 891 291 637 88 161 888 
V 8 1138 435 601 320 99 1139 1140 165 
H 12 181 805 433 66 507 230 593 371 712 547 1141 756 
H 5 560 1142 1046 342 806 
H 8 593 309 384 1080 1143 175 844 250 
H 9 38 820 1144 1145 1146 191 363 1108 309 
V 11 192 1147 641 190 27 444 1148 483 287 1149 284 
H 14 323 524 692 77 144 645 530 256 65 650 471 532 68 38 
H 13 154 372 93 493 876 444 682 746 1150 1151 1152 137 171 
V 9 584 139 712 137 1153 497 158 23 1154 
V 14 370 449 399 954 714 1155 1156 601 148 546 1157 522 1158 1159 
V 10 1160 1128 226 1161 744 831 671 320 512 117 
V 6 28 138 1162 30 459 211 
H 11 12 1163 43 650 78 712 1164 716 1165 1166 1167 
H 6 675 442 237 1168 1169 854 
H 14 1170 1171 1172 39 1016 1173 1174 331 1175 1176 291 275 1177 636 
V 6 106 272 686 166 79 1017 
H 12 1178 367 1179 1180 384 269 1181 1105 199 584 864 742 
V 11 1182 286 148 1183 1184 210 1185 687 1186 336 92 
H 7 224 141 108 9 176 1187 34 
H 9 636 951 11 151 259 123 737 1188 84 
H 13 1120 846 831 589 422 596 98 14 468 584 637 87 364 
H 13 1189 580 1190 1191 73 617 641 488 1192 472 705 104 22 
H 12 263 1070 567 53 1193 970 145 173 1194 434 468 459 
H 7 1195 806 1196 254 250 685 1197 
V 12 169 71 323 576 483 1198 316 1025 664 1155 63 1199 
H 11 865 585 1200 909 452 1201 336 478 209 1202 523 
V 5 729 433 83 1203 1204 
V 12 312 1100 892 526 820 348 790 1205 729 22 1030 958 
H 5 1206 1207 76 1208 782 
H 8 309 1209 1210 280 1126 192 413 1211 
V 6 387 686 101 941 379 1168 
H 9 150 1020 1212 494 1213 1214 384 47 71 
H 7 367 459 1080 502 444 1215 330 
H 12 1216 547 239 250 296 154 86 29 1217 474 497 347 
H 14 273 32 428 40 475 960 242 1218 159 435 1219 104 1220 400 
H 7 991 1029 23 1221 317 1222 395 
H 6 332 161 211 309 836 1214 
H 5 616 1223 1044 1107 813 
V 12 1224 75 616 679 613 1225 1057 1226 254 1227 1087 1228 
H 8 919 1229 1156 1230 232 1231 150 1085 
H 13 1232 643 108 424 314 181 641 258 1233 1234 1235 561 427 
V 11 356 14 476 798 96 198 524 521 1236 1237 396 
V 5 1238 1239 1240 1241 171 
H 6 1242 1243 70 341 154 909 
V 5 351 907 39 706 433 
H 6 1244 483 653 92 280 284 
H 6 1245 868 384 233 746 561 
V 12 207 323 67 79 488 545 517 705 708 415 168 15 
H 9 369 65 139 199 181 517 970 950 1246 
H 13 1085 311 272 103 148 462 680 247 1178 1006 1247 14 420 
V 11 1248 86 511 502 321 597 429 1249 1250 386 497 
V 8 1251 119 367 198 1252 415 676 482 
H 7 532 231 175 1253 982 1029 63 
H 5 269 810 1085 315 108 
H 6 173 266 69 309 15 254 
V 7 40 433 1254 625 173 1255 547 
V 10 326 367 198 1256 122 249 181 1257 430 1258 
V 7 87 405 1259 968 1260 813 7 
V 9 108 1261 18 734 79 1262 643 518 459 
V 14 1197 397 236 155 414 1263 332 77 331 165 981 284 1264 642 
H 6 1265 125 38 109 663 1266 
V 14 1267 545 1268 240 756 339 649 664 1269 1270 1271 511 1272 547 
H 7 392 119 273 820 708 1273 1274 
V 7 998 65 251 427 1275 573 98 
V 14 581 250 100 981 312 372 415 514 291 149 249 1276 1277 1278 
V 11 247 468 806 123 239 207 810 1279 524 1280 1281 
H 7 1282 435 1283 399 1284 413 598 
H 10 126 147 154 624 217 348 103 44 417 272 
H 12 494 1285 806 746 511 1011 1286 198 434 195 28 605 
H 12 1287 524 1288 150 333 1141 354 109 189 513 1289 1290 
V 10 406 1291 416 1292 207 552 56 35 566 1293 
H 6 605 1041 1294 1295 706 389 
H 10 251 688 273 284 385 823 1296 18 1044 526 
V 9 1297 774 1148 653 314 53 1017 392 1298 
H 6 1299 63 1300 1301 357 173 
V 10 1302 801 11 1085 633 5 1008 399 876 727 
H 7 585 69 564 173 1303 687 1088 
H 6 1295 1135 527 502 1044 964 
H 9 316 444 317 1304 1305 411 371 768 76 
V 8 1306 230 763 342 524 517 1307 955 
H 12 166 699 540 1308 392 410 483 1309 962 15 1310 1311 
H 10 231 540 306 1044 242 891 749 1312 1313 686 
H 9 790 1314 1315 1316 392 1317 1318 1319 799 
V 5 372 564 150 723 284 
H 12 687 459 381 1320 642 154 1321 768 1314 56 549 280 
V 10 1130 1322 1323 727 411 317 706 433 29 1324 
V 8 434 921 676 493 1325 191 1326 762 
H 13 11 756 1327 609 145 459 416 1029 555 862 32 1328 512 
V 12 323 1329 82 1330 474 514 684 1257 11 569 141 919 
H 9 962 62 608 223 148 1106 488 481 584 
H 12 222 1331 207 1332 345 192 63 199 1333 1334 224 251 
V 11 114 1335 421 283 676 602 1047 531 93 273 291 
V 14 1336 1337 675 749 497 493 823 705 387 370 844 468 444 254 
V 10 1338 598 1339 1340 468 284 341 303 100 931 
H 6 461 1341 1342 1343 333 552 
V 9 275 381 1344 396 601 1345 1189 549 332 
V 12 1346 1347 1186 1085 1267 35 1348 768 1349 103 909 919 
H 7 435 925 461 791 1350 1 646 
H 7 331 345 1351 1189 40 427 413 
H 6 1352 1353 1302 1195 981 168 
H 7 236 1354 1355 1356 1043 1357 877 
H 13 1358 577 96 1359 1360 1361 76 1362 122 914 526 65 260 
V 10 236 1363 494 459 664 385 1364 673 1365 656 
V 12 92 387 93 52 265 302 1322 1085 36 857 227 584 
V 7 269 1366 166 1367 687 1368 372 
V 8 303 258 1207 687 447 239 1028 92 
V 13 645 151 775 842 248 287 1014 1301 744 67 239 415 11 
H 13 63 231 24 566 1369 162 28 502 1370 1371 31 1372 524 
V 11 636 1373 266 1374 149 68 1375 323 645 141 507 
H 11 347 24 354 284 1024 518 127 1048 1376 981 1377 
V 8 62 1378 1358 699 1379 232 1048 414 
H 10 227 311 191 222 181 1380 1381 53 176 699 
V 14 1266 876 226 1382 655 514 452 345 1383 1384 399 1029 93 176 
H 10 191 524 846 364 35 199 351 240 65 1122 
V 12 523 98 316 1385 1386 429 259 323 1387 198 517 671 
V 6 810 848 717 1388 23 502 
H 9 1389 144 48 231 715 100 39 1390 546 
H 6 150 577 593 699 1391 1392 
V 5 438 1029 65 1393 1394 
V 6 339 80 642 645 416 434 
H 9 714 543 1395 635 237 452 1 1033 1396 
V 13 39 345 310 357 115 249 280 656 1397 250 1398 416 602 
V 13 1004 91 1216 262 547 1289 1399 283 36 549 1400 29 1401 
V 5 1402 104 330 265 48 
H 13 251 262 1186 1353 532 14 1403 790 342 192 1404 75 1405 
V 10 646 283 381 117 1406 191 297 1407 400 479 
H 9 522 1408 79 642 1409 1410 919 68 413 
V 11 1017 613 1186 1411 816 452 92 711 1412 543 176 
V 14 1413 740 222 1020 970 332 573 283 1055 68 577 1414 286 109 
V 14 177 909 509 723 1415 532 230 321 643 39 427 284 547 258 
V 12 62 1416 121 282 601 1221 468 1417 5 374 763 461 
H 12 43 839 546 1418 473 471 1419 166 1117 512 363 1420 
H 7 166 24 1421 643 172 1422 438 
V 13 472 1070 643 161 418 1423 585 364 515 909 888 399 626 
V 11 122 189 909 727 1424 65 417 311 1425 371 567 
V 13 38 284 687 592 512 165 569 556 368 831 1426 259 335 
H 14 1427 1428 231 50 729 1425 1429 1430 65 727 1029 1431 744 1432 
V 6 1433 80 1131 430 93 1057 
V 5 1434 1435 1436 576 430 
V 6 395 422 1437 1438 388 1343 
H 5 123 378 1439 1440 705 
H 9 103 262 502 909 1441 530 98 436 656 
V 12 112 1442 18 1443 636 1273 1083 123 330 1444 228 77 
H 12 919 336 653 43 598 679 981 117 639 370 339 273 
V 12 471 143 396 727 312 1445 1446 7 1447 791 18 193 
H 7 242 213 392 461 24 316 1448 
V 10 1449 976 558 734 1450 1451 323 1452 1453 1454 
V 5 636 289 262 977 955 
V 8 334 710 218 622 29 469 5 1438 
H 12 1394 267 1349 315 1455 475 1456 165 69 1457 1458 233 
H 9 499 688 566 1459 491 1460 1371 810 315 
H 6 1461 1462 1463 876 649 133 
V 7 345 1029 820 645 10 846 427 
H 12 353 1464 242 1465 262 129 43 1466 472 257 382 406 
V 10 506 830 42 90 1467 88 1468 50 434 1469 
H 10 547 1470 430 1003 203 12 1471 297 1236 123 
H 10 87 418 980 421 1210 729 643 1259 515 1472 
V 10 1473 289 73 218 1474 862 223 51 1475 919 
V 13 653 1273 168 994 145 122 123 712 421 311 1407 458 111 
H 8 351 756 494 1476 98 195 1477 471 
H 8 68 24 1478 1479 1480 405 1481 790 
H 6 483 430 273 839 602 1210 
H 9 275 1482 1439 532 671 602 494 474 1483 
V 11 1484 181 1485 176 1486 230 138 1198 1192 1487 274 
V 12 351 326 1441 1057 1488 1489 1043 192 983 71 190 1490 
V 5 36 1199 1116 223 898 
H 8 176 68 271 919 490 23 334 624 
V 13 67 1491 347 1492 429 407 556 1493 71 150 1494 602 1400 
H 5 1495 429 1024 546 1496 
V 5 497 1075 1497 823 95 
H 12 368 1138 746 433 663 1498 255 547 792 658 161 259 
H 12 750 1499 397 705 139 217 117 364 642 413 1500 385 
V 12 1501 28 104 77 522 1502 82 1503 1504 192 1217 573 
H 7 27 1505 87 744 882 749 1506 
V 12 158 160 1507 282 970 107 719 303 367 378 504 137 
V 12 593 236 934 876 221 1508 416 768 151 475 1509 46 
H 11 291 1510 342 1511 149 1105 167 113 1471 264 77 
H 12 1512 1513 311 622 93 635 213 1320 1080 970 512 430 
V 13 1514 1029 371 1515 48 1516 221 854 1517 207 1518 7 177 
V 10 617 1067 488 649 368 1519 830 1 973 987 
H 9 316 497 1520 904 40 1521 320 1522 351 
V 13 954 366 384 661 284 309 642 1523 1044 909 474 266 1524 
H 11 258 67 547 685 1525 92 315 1526 400 387 1002 
H 11 716 514 1527 212 161 132 71 983 430 664 1080 
V 8 1528 88 389 1009 653 329 808 103 
V 9 345 546 1359 350 1529 483 679 748 34 
V 6 335 312 65 76 181 195 
H 12 44 563 284 1530 476 387 1105 1499 398 15 111 162 
H 13 686 846 1531 397 131 983 706 48 238 253 405 1532 725 
V 14 1043 422 92 33 1533 100 658 844 427 381 303 566 315 335 
V 14 381 540 354 43 1534 79 687 181 531 546 1146 40 1345 259 
V 14 88 91 265 15 1535 128 1536 133 1537 72 511 350 1538 1088 
H 14 434 1539 854 250 239 515 988 1044 704 424 1103 579 567 1095 
H 8 56 642 1020 143 962 1138 166 567 
V 10 160 249 671 395 72 1540 23 533 642 284 
V 13 1541 158 400 553 27 831 240 1542 141 836 756 160 645 
V 6 452 1543 1544 601 927 142 
H 5 82 176 198 485 415 
V 9 381 1545 1546 211 92 108 192 499 488 
H 12 415 36 1547 122 1287 742 1178 362 675 125 1548 406 
H 13 195 883 1300 1549 808 803 1527 83 1550 1009 254 524 217 
V 13 1029 321 642 369 165 1551 585 238 1552 56 82 258 33 
V 12 1356 1553 643 76 207 145 287 706 239 1554 576 65 
H 9 113 376 472 312 1555 329 303 512 286 
V 7 846 585 515 1556 494 87 1557 
H 12 1558 883 139 924 1559 176 115 650 239 468 1560 902 
H 7 1147 584 314 616 838 996 1561 
V 7 340 1186 546 101 189 397 160 
H 14 1562 472 616 339 144 909 1563 1564 558 859 1565 132 488 1566 
H 7 1491 136 1567 1568 70 675 1162 
V 11 1201 23 1220 381 1569 334 158 1570 1020 111 368 
H 7 1571 1572 1085 363 935 605 126 
V 9 63 222 291 1165 72 577 830 154 820 
H 5 909 230 168 417 714 
V 12 1186 429 396 195 688 266 581 311 296 1573 576 40 
V 9 689 567 699 43 522 230 416 1574 359 
V 5 646 744 414 320 80 
H 14 162 240 427 1575 729 329 661 768 266 26 1563 1574 341 251 
V 7 262 1239 671 71 369 351 1207 
H 11 1531 66 521 331 1576 820 255 1577 1578 15 239 
H 11 1579 275 138 38 712 233 567 1580 673 68 159 
V 9 28 212 155 1581 10 787 801 592 418 
H 10 141 678 561 395 1287 316 334 1531 577 48 
V 9 546 1582 1583 1584 438 43 73 846 1585 
H 12 396 499 65 1586 1587 1296 1085 1005 121 103 213 129 
H 5 1137 468 1588 263 240 
H 5 69 1234 254 1153 1029 
H 11 521 53 1567 891 1589 1590 566 266 347 810 359 
H 13 543 534 482 368 295 115 1591 642 919 876 616 1310 175 
H 12 75 84 1257 438 336 530 1182 317 1592 173 768 87 
V 7 1499 1593 1594 80 71 512 1363 
V 14 77 1595 1206 310 1596 593 433 111 312 115 1597 34 236 143 
V 5 77 895 744 1598 367 
V 13 504 522 558 27 94 67 248 384 1085 389 339 43 255 
H 8 602 217 780 907 5 751 101 136 
H 6 1599 88 542 768 71 1600 
H 10 33 1601 1602 429 389 39 687 723 26 645 
V 9 39 712 70 1029 1603 636 1423 1604 108 
V 11 1140 1034 1125 68 339 211 72 1370 1605 1606 483 
H 7 1032 193 942 981 251 1607 428 
H 7 459 1608 33 1609 191 552 673 
V 14 1001 1507 332 572 1335 254 1334 1610 521 1341 613 126 722 1466 
V 13 1611 1396 1043 103 981 687 138 70 1586 708 1216 389 1612 
V 5 446 1613 1604 175 1614 
V 13 151 1085 1478 341 942 66 1412 1615 240 1254 78 71 1158 
V 11 151 1616 330 1073 637 636 590 104 371 75 274 
H 9 104 545 393 1466 830 234 684 1414 149 
V 6 75 1617 1618 542 1054 573 
V 10 1214 418 1619 422 63 100 1620 513 189 282 
V 8 233 141 767 12 247 468 854 232 
H 11 714 236 673 1186 1621 1622 98 1623 1067 727 10 
H 6 347 296 122 668 587 158 
H 11 820 314 507 1624 442 1295 810 385 15 1625 1626 
H 10 266 476 1627 1628 553 497 1495 133 114 262 
V 10 902 1020 12 1105 1629 103 702 334 709 1435 
V 7 969 61 464 522 1630 1367 283 
H 8 413 309 63 1631 240 223 132 26 
V 12 1632 837 1633 1634 691 1635 1636 1018 254 1637 48 1638 
H 6 1639 138 368 1640 541 96 
H 12 1641 39 1642 642 1643 919 941 653 1476 14 254 63 
H 7 435 1644 908 124 227 303 1645 
H 12 1646 656 350 843 1647 1359 1648 1638 22 428 111 1320 
V 6 7 265 1123 368 199 1649 
V 14 1081 315 126 934 581 376 339 133 79 513 411 1604 615 442 
V 12 650 1650 1651 543 227 330 12 27 77 1565 727 541 
V 8 1652 888 584 642 768 416 406 1035 
H 14 993 342 1582 262 543 1653 51 69 1654 1655 838 1080 810 1334 
V 10 1159 564 170 907 1656 160 896 1657 806 608 
V 6 136 1658 744 331 1659 939 
H 11 1660 876 1661 894 227 70 321 1333 320 1421 1662 
H 14 316 675 389 165 631 1663 239 1664 768 1456 1186 333 249 32 
H 12 1008 339 714 434 400 417 195 111 564 1124 418 1665 
V 6 1666 1667 664 272 430 351 
V 14 664 255 626 258 32 387 1668 429 345 433 575 389 309 1669 
H 10 1670 712 1671 62 1672 1673 31 636 1674 149 
H 13 1675 94 205 231 442 1464 1441 435 1359 1676 1473 1242 653 
H 6 389 649 311 522 1677 545 
H 14 1619 175 141 84 846 1678 1679 39 154 1680 317 336 931 1653 
V 5 1671 821 556 417 339 
H 13 415 347 173 468 125 499 1681 82 31 871 158 218 350 
H 8 31 706 1682 1259 1683 92 597 5 
H 13 1684 30 1685 43 173 84 1138 231 671 476 1686 1687 113 
V 11 433 104 1557 651 1688 429 1689 148 324 405 417 
V 9 1690 237 1691 522 134 1692 679 1606 98 
V 5 199 1263 363 68 1028 
H 8 556 75 1546 43 1693 114 278 1694 
V 10 1695 334 601 7 191 475 51 1309 161 1106 
H 14 1374 132 115 177 80 223 707 429 221 1696 1697 923 238 217 
V 5 332 141 1426 542 1359 
H 5 383 88 1698 1020 830 
H 10 317 541 195 56 32 1699 1700 427 1701 1543 
V 11 1702 1703 970 597 1028 792 240 1080 65 989 341 
V 11 1704 658 685 729 664 316 12 962 970 1705 34 
V 10 87 1394 154 392 1104 1706 113 202 376 846 
H 7 876 1675 1559 727 543 1172 405 
H 6 331 123 876 258 340 1088 
H 13 378 1 100 5 1379 26 706 589 1707 1448 1708 891 813 
V 8 217 309 239 1709 1710 664 1711 159 
V 5 329 1067 1272 121 601 
V 9 199 637 442 983 176 1712 1080 104 440 
V 8 108 522 368 357 1713 163 1714 593 
V 14 108 363 1715 497 323 1716 311 1717 1718 1125 848 991 141 191 
V 9 187 928 438 298 1080 190 218 247 541 
V 11 73 53 370 585 576 959 1719 400 638 1432 320 
H 10 547 643 1720 438 75 823 98 787 1088 418 
V 9 311 121 84 266 453 688 1296 1339 547 
V 6 635 266 173 593 331 1052 
V 5 686 145 1721 190 1722 
H 14 320 35 552 335 1723 1724 959 512 417 34 150 1725 56 100 
V 6 357 1726 29 168 653 617 
V 9 264 33 1619 642 217 1727 370 1186 1728 
H 8 1729 255 389 848 248 265 399 698 
H 6 143 530 1730 435 1731 1017 
H 8 1732 780 1033 1733 250 181 679 1193 
H 11 742 69 116 515 80 839 427 1 1327 420 123 
V 9 1734 394 280 575 1220 88 396 387 468 
H 9 518 429 1735 217 729 50 115 656 176 
H 9 1144 108 134 1736 397 830 171 198 1737 
V 5 1738 98 223 526 357 
V 8 138 1739 1740 247 883 1664 692 238 
V 5 82 1741 359 311 297 
V 8 1742 309 162 357 1582 22 679 1743 
H 5 1744 232 231 263 269 
V 5 151 34 499 71 414 
H 9 109 664 114 137 1745 684 83 217 267 
H 9 1465 389 687 1746 359 552 862 242 199 
H 13 729 594 819 133 444 137 1486 1747 339 917 844 134 1748 
V 7 810 248 1305 400 954 1749 723 
V 7 1750 1751 387 384 433 288 1752 
V 10 239 108 702 522 521 158 266 438 812 880 
H 10 275 1723 1549 47 459 1680 303 1753 1387 79 
H 7 435 511 577 1754 31 806 1755 
V 11 622 11 269 1756 600 378 1757 810 475 617 427 
H 11 928 623 80 1758 34 452 148 1759 1760 545 354 
H 11 1017 69 79 1690 1761 1145 341 32 1058 1466 263 
V 14 604 1762 433 675 161 435 517 430 1420 1085 12 645 666 1763 
H 12 216 68 94 274 36 962 1531 1330 511 1764 104 1765 
V 13 136 622 1387 675 434 472 920 1105 435 332 405 274 673 
V 6 1766 782 194 1767 133 94 
V 14 192 515 499 255 729 199 33 72 686 561 379 87 744 547 
V 13 981 649 523 411 316 517 218 288 75 1768 39 251 82 
H 6 650 1362 1297 1145 211 673 
V 10 79 399 387 357 876 397 100 504 593 222 
H 13 150 275 1769 378 1770 678 1771 577 597 1772 701 297 1773 
V 10 962 231 384 71 990 359 595 622 1774 418 
V 11 1654 254 1641 1667 958 1775 32 209 613 1776 1777 
H 5 406 126 857 475 1149 
H 11 51 255 311 282 444 1778 1779 727 684 192 263 
V 8 249 1043 1780 237 441 334 29 348 
H 12 1781 376 35 420 712 126 1782 86 442 1783 70 406 
V 7 334 385 370 835 117 820 149 
V 7 643 123 381 230 168 309 1031 
V 7 716 1784 442 472 787 584 168 
V 7 368 80 1235 242 1785 1105 1786 
V 6 1787 310 981 48 1788 367 
V 6 242 334 92 1789 1107 177 
V 7 269 417 849 165 306 483 593 
V 7 1080 309 661 239 1634 115 280 
H 14 107 483 9 1662 416 1790 37 82 687 653 1791 663 611 1792 
H 5 515 772 1793 1138 1794 
H 8 385 573 1084 138 1795 1540 1796 1797 
H 11 543 318 1088 675 31 397 76 528 1516 813 1798 
H 5 1799 1067 1640 274 504 
V 11 1800 1533 221 242 372 323 332 575 706 714 1801 
H 12 143 280 84 309 1802 993 158 192 339 154 92 229 
H 14 1803 383 320 1804 1805 335 162 1806 830 813 107 350 138 189 
H 5 29 496 320 1807 275 
H 6 68 138 613 1215 1138 671 
H 12 1163 475 351 36 1271 392 530 75 145 78 676 691 
H 5 273 829 75 136 347 
H 10 1808 1809 712 1810 231 675 556 23 1811 830 
V 9 1812 1813 1814 1647 422 735 94 1029 183 
H 7 189 48 47 138 831 1186 1815 
V 11 1479 1816 729 415 919 476 1817 510 1818 371 749 
H 13 524 1761 320 1800 1819 376 497 1820 1821 321 1822 265 336 
H 6 50 330 829 787 1823 461 
H 8 1824 650 56 919 1825 708 1655 1826 
V 9 1827 546 406 1828 474 1829 416 593 601 
H 7 597 115 48 1324 12 1830 891 
V 6 406 247 309 367 379 354 
V 7 228 384 266 1566 29 883 1293 
V 14 249 547 181 471 3 417 1635 1105 330 59 999 649 452 1831 
V 11 723 418 145 552 1368 1383 954 509 51 416 400 
H 10 192 221 1832 289 83 513 217 236 15 161 
V 10 217 494 76 593 650 1383 635 82 645 488 
V 13 558 1833 1029 159 1552 1080 1834 1835 1836 1837 385 84 523 
V 7 646 79 1838 75 336 1585 1460 
H 7 331 1030 26 597 384 507 1808 
V 7 434 622 35 61 63 115 1753 
H 9 1839 370 806 1080 251 641 363 1840 1252 
V 13 1374 100 114 1348 561 282 176 1841 921 364 427 84 231 
H 10 50 1455 249 121 1020 599 1842 369 517 825 
H 7 472 1843 415 115 333 1308 281 
V 6 361 1735 23 1844 61 240 
V 12 221 1627 1845 273 1846 1847 1370 1848 1297 1548 138 175 
V 11 1849 687 1850 88 512 332 83 1704 1851 189 1596 
V 7 392 272 385 273 1793 1852 573 
H 12 1853 1854 111 649 123 1855 461 12 71 549 31 862 
H 6 650 844 542 61 207 434 
H 12 321 29 1017 1351 1856 1054 93 839 1857 598 664 1352 
H 7 34 274 1858 231 438 642 496 
V 10 1359 167 314 601 39 84 848 768 396 1859 
H 8 546 730 366 80 1860 314 26 592 
V 6 1861 125 576 378 1497 806 
V 9 392 1088 641 168 136 638 1702 438 680 
V 6 214 1862 345 643 943 1006 
V 13 1863 1091 133 415 1201 1299 1324 320 1864 333 160 1865 248 
H 9 1866 1867 233 514 1868 877 806 296 168 
H 11 1869 545 398 1138 970 919 1580 218 576 192 716 
V 10 1870 871 1531 27 703 664 348 696 374 1253 
H 7 1871 808 1834 1872 558 584 284 
H 5 518 616 1873 597 1174 
H 7 323 715 806 1874 1875 351 567 
H 8 664 650 1019 826 1876 1877 327 1878 
H 5 499 149 1879 605 441 
V 10 1020 427 50 331 297 595 236 214 593 5 
V 5 308 1880 543 1881 259 
V 11 434 158 1882 339 378 592 256 1780 595 1256 576 
V 7 145 43 1809 521 24 434 399 
V 5 104 1883 529 389 846 
V 6 1376 1809 1884 230 162 50 
V 12 161 1885 249 1886 1085 825 560 549 1887 1888 776 528 
H 7 806 392 744 145 1253 476 195 
V 12 1511 556 385 650 729 522 332 1889 1203 1399 292 1376 
H 12 888 247 1890 1750 1657 928 1891 121 56 1595 1369 77 
V 11 83 331 69 1716 230 453 176 126 1068 573 1774 
H 13 1892 1265 1893 433 1186 107 62 1794 785 416 150 1894 133 
H 10 685 400 336 177 395 1895 1154 7 84 224 
H 10 653 948 93 751 1021 333 1896 526 879 1057 
V 8 1897 1898 132 1466 496 785 637 1029 
V 8 1085 612 1899 88 1900 242 820 846 
V 9 1043 745 706 1901 15 376 1020 1729 1743 
H 11 448 387 744 133 427 420 222 1902 617 876 459 
H 7 1903 1203 1155 684 955 418 83 
V 13 1067 974 63 221 1904 261 543 413 140 1905 1456 338 1906 
V 9 545 1907 382 1138 141 218 256 368 670 
V 12 452 576 39 702 1068 658 117 445 479 542 312 1416 
V 7 370 354 530 705 1908 429 405 
H 10 138 434 1909 82 1335 602 357 1910 1911 371 
H 9 1481 827 405 379 138 928 2 269 239 
V 7 1912 378 1913 981 1914 88 193 
V 14 844 741 649 18 1205 1915 364 427 543 198 1436 370 374 657 
H 5 1397 199 645 499 1028 
H 14 14 263 345 493 282 75 749 133 508 255 1119 15 1531 1624 
H 8 209 1916 1917 82 405 664 255 413 
H 14 193 100 1918 544 250 382 103 1029 1881 82 1539 279 273 1919 
V 12 573 160 1586 459 84 273 556 577 1920 82 823 691 
H 8 1921 432 161 80 1432 226 664 452 
H 14 1085 488 530 476 556 1447 371 452 907 65 133 1583 297 969 
H 12 558 262 1922 1028 1923 282 321 193 653 1486 1027 35 
H 6 472 907 76 254 273 211 
V 7 381 1424 684 631 364 1924 1397 
H 14 1925 499 250 1926 593 1927 757 556 911 666 1461 1085 114 546 
H 7 1314 472 331 768 1677 1186 1767 
H 5 1414 75 599 724 94 
V 13 369 282 331 1928 1929 71 452 372 332 340 602 453 593 
H 11 472 1138 332 211 488 111 357 1930 1931 1932 712 
V 10 553 581 514 1142 133 1017 1186 209 78 104 
H 6 1018 334 177 1784 134 1933 
H 13 236 1934 1433 397 150 340 1935 124 323 329 38 1936 1059 
V 13 426 1887 706 1727 521 171 1427 1937 1938 1939 472 397 385 
H 6 577 511 315 5 259 273 
H 7 1940 522 133 418 642 114 573 
H 10 63 15 475 56 280 691 1258 314 1242 511 
V 14 26 552 117 1484 336 242 1941 649 876 259 475 33 1381 1794 
H 14 883 139 233 400 1753 1942 808 413 66 957 359 364 1943 224 
H 13 1944 1945 658 170 30 844 723 653 158 314 791 282 384 
H 6 650 434 151 169 35 405 
H 5 1946 1466 290 1947 1396 
V 5 430 854 493 1948 213 
V 5 556 250 1949 727 744 
V 13 1950 108 1951 509 564 399 1029 316 30 278 161 1550 101 
V 6 787 101 406 575 212 354 
V 9 1083 712 284 1952 165 34 365 334 253 
H 9 499 87 34 98 497 141 538 788 1449 
H 12 1953 373 36 613 181 192 1954 556 226 848 370 511 
H 12 919 237 151 100 878 649 981 954 679 699 1478 1766 
H 12 646 406 747 688 233 1643 396 1955 1956 745 643 359 
V 9 619 333 396 363 810 511 622 1007 392 
V 8 396 1957 382 93 1044 12 468 339 
V 11 1958 251 1959 981 287 1960 100 543 512 823 813 
H 14 251 376 122 213 802 115 1149 823 1020 675 1961 227 1508 225 
V 6 231 190 862 364 479 944 
V 10 808 712 1962 326 268 240 435 1309 114 378 
H 6 1612 1903 1080 259 617 195 
V 12 278 5 225 1400 79 351 427 576 567 602 577 1599 
H 5 954 320 1013 230 1000 
H 6 1431 1052 223 1963 136 33 
H 12 1964 66 1781 545 573 556 1965 372 117 1020 7 1477 
V 9 269 1141 1966 275 239 706 1023 7 303 
V 12 540 1727 471 314 385 321 126 671 383 242 232 1967 
H 14 1706 1571 1968 642 928 553 92 848 1969 359 597 1970 887 546 
H 6 1971 1923 218 551 1186 351 
V 7 813 1972 258 1973 1263 364 413 
V 9 122 576 414 875 223 475 592 293 1974 
H 13 212 483 1975 1045 1976 602 1466 209 1592 115 398 36 1675 
H 8 1222 1977 1978 1455 50 413 1197 332 
H 12 1564 428 453 688 604 399 928 806 471 66 189 1979 
H 7 584 231 663 532 38 1980 540 
H 14 1428 218 95 406 1756 1419 397 416 44 221 1959 808 581 34 
H 5 1981 372 676 48 1982 
V 7 925 88 1820 87 791 1983 1984 
V 6 1745 1894 671 1985 891 101 
V 5 1293 1347 702 1654 22 
H 5 222 583 320 497 51 
H 7 756 166 636 601 368 1986 213 
H 9 333 433 256 955 635 453 1575 556 177 
H 8 193 502 158 967 597 1020 391 1987 
V 6 646 1988 378 165 475 1805 
V 8 733 1623 321 221 369 1740 249 33 
H 7 790 133 1584 275 869 808 1989 
H 7 303 609 593 848 820 233 962 
H 12 11 502 392 199 44 892 1990 1476 1991 232 996 1166 
V 7 359 675 1992 69 903 633 114 
V 11 1993 1991 112 653 1679 103 645 379 68 1862 50 
V 14 1057 79 369 842 1080 198 453 671 1652 650 108 504 230 1994 
V 14 339 1995 1996 1531 395 509 181 139 1555 1997 280 240 222 140 
V 14 382 1931 47 312 1998 83 93 1875 1999 1233 284 211 475 1355 
V 5 1871 2000 213 1059 823 
H 13 744 84 175 242 286 1108 983 2001 33 60 882 1468 289 
V 12 573 160 117 2002 109 2003 275 39 228 2004 368 511 
V 11 1667 103 1756 676 48 164 431 383 702 161 18 
H 14 369 223 87 1545 810 340 1481 29 264 873 123 345 461 675 
H 12 176 139 502 1080 121 642 521 195 821 93 207 587 
H 8 374 84 364 720 854 641 36 2005 
V 10 919 876 2006 846 499 2007 708 452 1020 1594 
V 7 1341 714 207 1874 336 314 406 
H 7 141 6 22 405 227 543 645 
V 12 312 545 494 461 48 336 2008 160 173 269 888 134 
H 7 706 115 1043 2009 406 2010 1844 
V 9 14 479 101 468 503 790 726 331 2011 
H 8 370 407 2012 2013 18 144 378 2014 
H 10 35 707 309 262 158 189 928 475 398 712 
V 13 158 691 955 2015 230 503 269 525 898 494 104 376 796 
V 14 237 2016 650 150 1431 706 42 26 513 195 785 80 491 1943 
H 9 47 359 876 468 1105 1085 1605 476 399 
V 8 314 121 2017 2018 29 354 287 981 
V 13 418 111 400 602 656 94 123 521 51 255 1783 530 919 
V 9 113 546 453 716 92 729 351 661 335 
H 7 962 93 598 65 12 1217 1980 
H 10 671 442 492 48 955 111 230 649 213 479 
H 9 543 981 742 2019 437 617 29 385 330 
H 7 282 566 878 418 1607 2020 2021 
H 7 1128 316 40 111 287 2022 33 
V 7 312 1548 1956 107 413 452 303 
V 11 673 1047 68 475 2023 2024 670 744 381 414 269 
H 7 230 1501 687 340 526 198 909 
H 8 251 553 209 364 422 520 1569 645 
V 7 133 712 392 592 1347 873 7 
H 6 364 280 467 159 247 621 
H 12 561 420 395 80 475 486 171 597 238 1939 543 403 
H 10 653 26 320 347 369 415 1990 888 345 175 
V 12 121 1725 514 2025 698 399 118 438 254 541 134 521 
V 11 2026 39 1502 167 1020 653 36 345 806 2027 1545 
V 9 472 519 1594 820 2028 400 1531 333 387 
V 11 758 461 104 176 371 1057 597 29 54 523 2029 
H 14 611 650 907 1186 399 1505 150 981 321 415 1198 1192 526 2030 
V 14 1463 39 333 2031 597 314 248 198 114 976 107 60 935 1657 
V 9 207 875 256 71 107 80 384 1305 1563 
H 8 141 221 790 287 333 1044 1677 303 
V 13 2032 509 2033 963 429 173 250 79 44 371 602 685 2034 
V 11 1235 649 521 2035 2036 316 336 223 12 297 144 
H 7 1851 275 435 2037 1209 2038 80 
H 6 312 2039 370 282 2040 744 
H 10 1439 507 1028 134 2022 1829 1363 287 1123 643 
H 10 297 1390 421 459 830 420 2041 477 577 396 
V 13 417 1151 2042 791 556 100 475 1590 835 107 171 810 1349 
V 14 171 137 1584 297 36 1526 643 160 422 397 756 114 176 2043 
H 6 601 2044 577 122 1144 1361 
H 8 168 2045 51 263 456 664 515 56 
H 8 542 189 1776 357 160 848 39 222 
H 8 312 168 658 1935 421 256 661 339 
H 9 23 980 1527 326 83 94 287 547 145 
V 11 82 39 258 309 160 601 814 469 1591 1205 2046 
H 6 499 2047 1919 278 1352 2048 
H 12 502 1574 238 560 265 154 108 236 1359 1556 1903 368 
V 13 513 613 1988 1085 2049 231 1468 189 483 236 341 2050 335 
V 10 883 417 585 2051 546 1325 981 44 198 389 
V 12 341 395 658 635 359 7 329 323 515 806 785 177 
H 5 199 1265 168 104 351 
H 11 555 2052 1254 330 274 165 560 76 48 51 625 
V 14 1238 77 612 309 15 52 768 502 1489 499 284 456 2053 191 
V 11 249 716 1017 756 191 350 1950 746 816 706 72 
H 9 1640 1634 1963 265 862 646 1117 120 664 
H 12 955 73 831 331 1423 1134 2054 397 1636 1002 671 251 
H 9 641 433 321 2055 251 1100 524 1817 2056 
V 10 453 48 134 145 12 719 76 1991 1080 67 
H 13 123 552 33 684 1410 280 199 1963 181 296 310 2057 397 
V 7 999 51 316 93 952 512 1705 
H 7 5 831 1490 749 727 907 1816 
H 10 1767 83 1110 296 1739 1656 2058 289 1446 1652 
V 8 1743 2059 2060 475 844 264 114 41 
V 11 2061 854 263 254 646 1566 10 497 287 18 374 
V 13 905 11 1161 113 1186 221 88 206 2062 2063 459 7 650 
H 7 370 396 1642 2064 320 351 193 
H 8 541 713 497 2065 1168 744 396 616 
V 9 342 2066 103 121 955 948 2067 177 914 
H 13 1882 594 2005 49 542 385 15 613 546 2068 2069 33 28 
H 10 280 2070 34 94 547 247 236 893 584 1829 
V 10 584 564 86 2071 768 461 2072 1126 546 746 
H 12 401 332 1556 35 115 1897 515 820 350 247 1389 32 
V 12 1177 1932 251 438 274 38 177 137 1186 635 435 2073 
V 8 1714 217 530 509 269 837 314 1580 
V 6 107 2074 848 387 643 2075 
V 6 75 320 854 523 1956 560 
V 13 289 2076 791 832 126 649 2077 191 323 1817 371 540 83 
H 9 521 1410 2078 384 653 93 378 338 970 
H 12 82 2079 158 664 552 1623 1490 712 1245 438 376 1873 
H 10 145 165 661 113 1109 744 62 1429 596 785 
H 13 483 1475 23 332 497 785 1837 909 211 77 195 79 593 
H 14 1359 2080 189 417 385 230 899 2081 1271 1109 353 370 271 1236 
V 11 833 218 876 330 2082 868 479 560 2083 2084 1101 
V 5 126 1466 891 385 255 
H 7 437 348 2085 126 475 98 371 
V 14 846 787 159 126 483 486 2086 217 76 744 68 1655 273 330 
H 7 581 123 1020 255 2087 326 318 
H 11 195 18 488 177 254 1842 510 107 1186 82 755 
V 7 282 226 207 283 35 546 419 
V 6 605 222 888 213 370 291 
H 12 576 371 160 2088 189 266 699 367 954 370 239 497 
H 11 2089 167 1591 262 854 430 1023 1889 887 2090 2091 
V 6 2092 2093 213 687 1516 636 
V 5 2094 2095 524 748 561 
V 11 846 316 496 2059 88 1355 2068 1037 1705 387 84 
V 6 2096 296 51 1891 411 384 
H 11 248 161 910 132 2097 357 573 134 2098 471 2099 
H 9 712 2100 333 602 1806 567 1679 396 1466 
H 11 636 217 1934 2101 493 103 192 716 339 203 382 
H 8 226 1738 820 311 636 1065 222 387 
V 6 221 1170 26 1805 2102 445 
V 7 94 675 2103 242 794 198 1761 
V 8 494 94 136 558 297 749 2001 2104 
V 12 1791 109 983 117 1247 282 1348 61 269 176 414 415 
H 13 662 518 2105 543 1091 643 314 207 653 591 416 2005 1664 
H 6 14 2106 909 546 580 2107 
V 11 357 272 284 791 685 2088 2108 476 643 83 1186 
V 5 488 364 321 24 928 
H 7 265 1067 452 826 2109 367 2064 
V 8 259 218 262 88 881 509 414 279 
V 8 579 238 291 69 422 2110 515 2111 
V 10 340 1433 1340 151 134 1793 488 2112 159 2110 
H 10 114 330 29 581 706 115 512 1777 468 107 
H 9 459 321 435 199 1177 35 820 1877 259 
H 12 154 266 195 389 790 522 2113 663 513 2114 909 471 
H 13 2115 138 479 334 708 227 250 712 23 973 1381 909 1088 
H 8 383 987 810 530 476 767 149 1395 
H 11 1156 141 2116 332 13 68 86 136 499 1730 2117 
V 8 862 1034 5 213 218 1868 839 75 
V 7 2118 382 729 476 1020 663 757 
V 13 256 32 2119 602 2120 1755 12 264 26 117 2121 334 1820 
V 9 207 218 330 679 247 597 509 84 839 
H 8 508 44 511 702 549 727 2006 357 
V 12 955 1028 297 1690 663 511 595 2122 266 1327 222 592 
H 8 585 576 687 2123 2044 787 597 345 
V 8 254 109 11 530 2124 123 154 1986 
H 9 218 1029 149 1146 472 1935 396 2125 564 
H 11 287 207 1046 1906 706 417 165 177 195 650 2126 
V 11 416 1526 191 846 687 254 2127 483 336 727 283 
H 6 2055 149 985 1151 675 742 
H 13 1905 2128 52 1466 1931 556 919 104 107 685 417 1738 47 
V 6 988 43 494 2129 96 98 
V 6 50 768 1440 384 673 223 
H 13 1359 379 65 2130 1085 2131 720 903 865 111 1562 972 924 
V 10 62 1952 425 577 476 1195 1354 641 460 461 
H 10 907 154 1020 783 216 205 945 379 705 769 
V 5 517 706 584 645 321 
V 6 2132 126 636 284 1163 472 
V 11 471 11 224 31 399 332 397 524 1037 649 255 
H 5 1284 287 1285 414 46 
V 9 891 1272 2133 382 11 381 69 2134 67 
H 13 950 636 1540 2135 1104 1044 211 261 222 577 1136 593 2136 
H 11 418 2137 573 76 773 317 114 195 32 126 524 
V 10 70 1474 207 350 125 691 1880 76 396 2138 
V 11 2139 2001 1137 1450 1436 1768 272 315 190 223 962 
H 13 435 308 1181 2088 52 2140 2141 1585 330 521 881 1547 63 
H 6 710 434 259 1546 48 96 
V 12 1712 247 846 400 1105 2142 48 312 86 154 381 943 
V 9 51 191 637 339 1531 1404 280 378 673 
V 9 2143 522 376 658 839 233 1440 1786 1101 
H 5 88 684 2144 909 311 
V 13 372 359 86 869 218 217 18 541 433 2145 499 223 1708 
V 7 452 133 686 218 1238 83 1130 
H 14 2146 676 2147 223 656 316 2148 2149 379 138 430 351 87 524 
H 12 61 36 34 2150 806 1419 70 64 1200 387 1718 297 
H 13 1078 515 389 532 399 168 50 1531 2151 862 676 359 966 
V 9 1049 967 376 552 136 1471 433 48 258 
H 6 23 744 2073 1475 189 2019 
V 9 438 359 258 149 1187 115 286 430 543 
V 6 249 1427 2152 35 236 76 
H 14 421 250 1603 1998 173 507 133 87 242 663 1131 11 39 841 
H 10 1808 2153 342 742 1088 247 1656 79 22 258 
H 5 524 104 645 382 511 
H 12 2030 1909 420 430 389 2078 1933 1051 18 330 247 2154 
V 10 109 35 77 418 512 637 145 729 297 87 
V 6 363 251 24 378 2155 509 
H 8 566 142 637 296 320 1029 488 134 
H 6 668 1085 1306 808 1067 1211 
V 12 727 367 1830 384 5 1590 511 806 78 364 1323 846 
H 9 1028 136 1229 1404 645 1057 1017 397 2156 
V 6 530 372 63 327 1186 265 
V 5 65 981 2157 311 291 
V 7 1358 1868 507 463 552 904 297 
V 13 33 161 1359 276 244 57 398 727 75 876 321 336 249 
H 7 2158 459 525 1500 350 189 1300 
V 11 321 494 266 1812 282 92 645 1986 1043 504 1806 
V 5 275 383 87 894 1551 
H 11 79 435 1632 1901 1641 1138 98 1390 414 392 2159 
H 10 2160 650 2063 438 1833 107 584 1671 476 414 
V 12 11 1319 1678 1014 1020 1010 71 1552 392 675 262 1952 
H 5 1723 804 522 345 289 
V 8 101 378 391 954 2161 475 888 1567 
V 13 1367 117 2162 785 161 362 444 398 435 312 28 983 483 
H 11 294 28 282 785 254 675 564 405 364 518 1088 
V 13 2163 820 7 265 543 242 1696 552 917 545 512 77 1933 
H 13 72 2135 2045 2164 262 154 259 743 102 488 66 897 249 
V 14 392 63 117 357 34 259 165 2165 473 406 371 416 883 411 
V 9 1768 177 1256 334 787 746 5 221 2003 
H 8 671 150 1366 2110 831 427 512 11 
H 10 872 1307 330 11 2166 675 2109 417 823 831 
V 5 405 20 742 1028 496 
